full_name,Position,TEAM,GP,MIN,PTS,FG_PCT,FG3_PCT,FT_PCT,AST,BLK,STL,REB,TOV,Salary
Aaron Gordon,PF,ORL,58,1914,833,0.433,0.301,0.675,215,36,50,441,94,19863636.0
Aaron Holiday,PG,IND,58,1368,546,0.40700000000000003,0.39399999999999996,0.861,193,13,45,132,75,2329200.0
Al Horford,PF,PHI,60,1848,722,0.442,0.337,0.753,244,55,52,412,65,28000000.0
Al-Farouq Aminu,PF,ORL,18,380,78,0.29100000000000004,0.25,0.655,21,8,18,87,17,9258000.0
Alec Burks,SG,GSW,48,1390,773,0.406,0.375,0.897,151,17,50,226,76,1620564.0
Alex Caruso,SG,LAL,58,1032,316,0.423,0.355,0.763,102,17,60,112,46,2750000.0
Alex Len,C,ATL,40,745,349,0.546,0.25,0.63,42,33,20,230,39,4160000.0
Alfonzo McKinnie,SF,CLE,40,593,182,0.42700000000000005,0.215,0.71,14,8,23,113,26,1500000.0
Alize Johnson,PF,IND,13,54,18,0.467,0.0,0.667,2,0,0,18,3,1416852.0
Andre Drummond,C,DET,49,1654,870,0.53,0.048,0.584,138,82,97,775,174,27093019.0
Andre Iguodala,SF,MIA,14,259,61,0.49,0.375,0.25,28,16,8,53,17,17185185.0
Anthony Davis,PF,LAL,55,1889,1467,0.511,0.335,0.845,172,134,82,517,135,27093018.0
Aron Baynes,C,PHX,42,934,481,0.48,0.35100000000000003,0.747,67,23,10,237,50,5453280.0
Avery Bradley,SG,LAL,49,1186,423,0.444,0.364,0.833,63,5,43,115,47,4767000.0
Bam Adebayo,C,MIA,65,2234,1053,0.5670000000000001,0.077,0.69,333,85,78,683,185,3454080.0
Ben McLemore,SG,HOU,63,1437,619,0.445,0.395,0.758,54,12,38,139,46,2028594.0
Bismack Biyombo,C,CHA,53,1029,393,0.5429999999999999,0.0,0.603,50,49,10,308,48,17000000.0
Blake Griffin,PF,DET,18,512,279,0.35200000000000004,0.243,0.7759999999999999,59,7,7,84,40,34449964.0
Boban Marjanovic,C,DAL,37,337,232,0.555,0.267,0.7659999999999999,13,7,7,153,26,3500000.0
Bogdan Bogdanovic,SG,SAC,53,1510,767,0.433,0.361,0.7240000000000001,169,14,54,171,89,8529386.0
Bojan Bogdanovic,SF,UTA,63,2083,1275,0.447,0.414,0.903,131,7,34,259,159,17000000.0
Bradley Beal,SG,WAS,57,2053,1741,0.455,0.353,0.8420000000000001,347,23,71,242,194,27093019.0
Brandon Clarke,PF,MEM,50,1086,602,0.623,0.40399999999999997,0.785,72,42,26,292,46,2478840.0
Brandon Goodwin,PG,ATL,34,430,206,0.4,0.299,0.9329999999999999,51,4,12,72,29,522738.0
Brandon Ingram,SF,NOP,56,1918,1358,0.466,0.387,0.858,241,37,56,350,174,7265485.0
Brandon Knight,PG,CLE,16,241,79,0.326,0.297,0.308,31,2,5,20,16,15643750.0
Brook Lopez,C,MIL,61,1622,670,0.42700000000000005,0.29600000000000004,0.81,95,149,43,272,63,12093023.0
Bruce Brown,SG,DET,58,1634,517,0.44299999999999995,0.344,0.7390000000000001,230,29,63,274,100,1416852.0
Bruno Caboclo,SF,MEM,22,192,62,0.406,0.16,0.667,10,12,10,44,7,1845301.0
Bruno Fernando,PF,ATL,56,713,240,0.518,0.135,0.569,49,17,18,198,42,1400000.0
Bryn Forbes,SG,SAS,63,1579,707,0.41700000000000004,0.38799999999999996,0.833,108,0,33,126,57,2875000.0
Buddy Hield,SG,SAC,64,2045,1268,0.429,0.395,0.855,197,17,60,306,150,4861208.0
CJ McCollum,SG,POR,62,2229,1395,0.45299999999999996,0.38,0.75,268,39,46,254,116,27556959.0
Caleb Martin,PG,CHA,18,317,111,0.44,0.541,0.81,23,7,12,38,15,898310.0
Cameron Johnson,PG,PHX,49,996,398,0.418,0.397,0.7609999999999999,52,16,30,140,29,4033440.0
Caris LeVert,SG,BKN,39,1131,692,0.414,0.381,0.72,159,7,44,159,98,2625718.0
Carmelo Anthony,PF,POR,50,1623,763,0.426,0.371,0.843,79,23,40,313,87,1364204.0
Carsen Edwards,PG,BOS,35,316,106,0.327,0.309,0.846,22,3,10,43,15,1228026.0
Chandler Hutchison,SF,CHI,28,527,218,0.457,0.316,0.59,26,7,27,108,27,2332320.0
Cheick Diallo,PF,PHX,44,467,211,0.65,0.5,0.865,22,12,10,127,30,1678854.0
Chimezie Metu,PF,SAS,16,73,46,0.5710000000000001,0.0,0.75,6,4,1,26,5,1416852.0
Chris Boucher,PF,TOR,55,724,348,0.45799999999999996,0.28300000000000003,0.7959999999999999,23,53,20,242,23,1588231.0
Chris Clemons,PG,HOU,29,251,141,0.405,0.35100000000000003,0.857,22,5,6,23,17,563347.0
Clint Capela,C,HOU,39,1279,543,0.629,0.0,0.529,48,72,33,537,63,14896552.0
Cody Martin,PF,CHA,48,903,238,0.43,0.23399999999999999,0.6459999999999999,95,9,39,158,44,1173310.0
Cory Joseph,PG,SAC,64,1538,405,0.42,0.35100000000000003,0.828,218,21,46,163,64,12000000.0
Courtney Lee,SG,DAL,24,345,107,0.488,0.447,0.857,12,6,18,32,11,12759670.0
Cristiano Felicio,C,CHI,22,386,86,0.63,0.0,0.7829999999999999,16,2,10,102,18,8156500.0
D.J. Augustin,PG,ORL,49,1215,511,0.39299999999999996,0.345,0.885,223,1,30,109,69,7250000.0
Damian Jones,C,ATL,55,887,306,0.68,0.222,0.738,35,40,26,206,28,2305057.0
Damian Lillard,PG,POR,58,2140,1677,0.457,0.39399999999999996,0.888,453,21,59,250,168,29802321.0
Damion Lee,SG,GSW,49,1423,621,0.41700000000000004,0.35600000000000004,0.873,133,6,50,239,67,842327.0
Damyean Dotson,SG,NYK,48,836,321,0.414,0.36200000000000004,0.667,57,4,23,91,21,1618520.0
Daniel Gafford,PF,CHI,43,609,220,0.701,0.0,0.5329999999999999,21,56,13,106,29,898310.0
Danilo Gallinari,SF,OKC,55,1690,1057,0.439,0.409,0.8859999999999999,113,4,40,302,70,22615559.0
Danny Green,SG,LAL,61,1529,501,0.419,0.37799999999999995,0.727,86,29,76,206,54,14634146.0
Dante Exum,PG,UTA,11,83,24,0.435,0.33299999999999996,1.0,7,2,1,12,10,9600000.0
Danuel House Jr.,PF,HOU,58,1739,593,0.42700000000000005,0.363,0.8,78,32,64,246,49,3540000.0
Darius Bazley,PF,OKC,53,909,238,0.38299999999999995,0.3,0.6809999999999999,29,35,20,196,40,2284800.0
Darius Garland,PG,CLE,59,1824,728,0.401,0.355,0.875,229,4,42,111,151,6400920.0
Davis Bertans,SF,WAS,54,1583,834,0.434,0.424,0.852,92,33,37,245,59,7000000.0
De'Aaron Fox,PG,SAC,45,1426,920,0.475,0.307,0.703,304,23,64,181,141,6392760.0
De'Andre Hunter,PG,ATL,63,2018,778,0.41,0.355,0.764,112,18,44,286,103,7068360.0
De'Anthony Melton,PG,MEM,52,1011,420,0.419,0.316,0.821,157,18,65,193,78,1416852.0
DeAndre Jordan,C,BKN,56,1234,465,0.6659999999999999,0.0,0.68,105,52,18,561,74,9881598.0
DeAndre' Bembry,SF,ATL,43,915,249,0.456,0.231,0.542,81,19,55,152,60,2603982.0
DeMar DeRozan,SG,SAS,61,2091,1352,0.526,0.267,0.843,340,14,62,344,147,27739975.0
DeMarre Carroll,SF,SAS,15,135,33,0.31,0.231,0.6,11,2,2,31,10,512721.0
Deandre Ayton,C,PHX,30,996,570,0.5479999999999999,0.0,0.769,57,51,22,360,71,9562920.0
Deonte Burton,PG,OKC,34,284,94,0.371,0.217,0.5,11,10,5,48,14,1416852.0
Derrick Favors,PF,NOP,45,1089,415,0.62,0.14300000000000002,0.581,75,44,25,445,51,17650000.0
Derrick Jones Jr.,SF,MIA,51,1249,454,0.514,0.27,0.779,57,36,54,213,27,1645357.0
Devin Booker,SG,PHX,62,2241,1619,0.48700000000000004,0.36,0.9159999999999999,408,16,45,258,244,27285000.0
Devonte' Graham,PG,CHA,63,2211,1145,0.382,0.373,0.82,471,15,62,212,181,1416852.0
Dewan Hernandez,PF,TOR,4,11,4,0.2,0.0,1.0,0,0,1,7,1,898310.0
Dewayne Dedmon,C,SAC,34,541,175,0.40399999999999997,0.19699999999999998,0.821,15,26,15,167,47,13333333.0
Dillon Brooks,SF,MEM,65,1851,1020,0.402,0.369,0.809,128,25,57,213,108,1618520.0
Donovan Mitchell,SG,UTA,63,2165,1525,0.45299999999999996,0.364,0.8590000000000001,264,12,66,276,167,3635760.0
Donte DiVincenzo,SG,MIL,59,1362,554,0.462,0.344,0.769,136,18,80,289,72,2905800.0
Dorian Finney-Smith,SF,DAL,64,1898,597,0.46799999999999997,0.374,0.722,97,37,44,352,63,4000000.0
Doug McDermott,SF,IND,62,1242,643,0.491,0.445,0.8270000000000001,70,4,9,156,40,7333333.0
Dragan Bender,PF,MIL,7,91,26,0.47600000000000003,0.444,0.667,9,5,0,20,5,1678854.0
Draymond Green,PF,GSW,43,1222,345,0.389,0.27899999999999997,0.759,266,33,59,266,98,18539130.0
Dwayne Bacon,SF,CHA,39,687,224,0.348,0.284,0.66,52,2,23,100,37,1618520.0
Dwight Howard,C,LAL,62,1193,468,0.732,0.6,0.494,42,76,27,457,73,1620564.0
Ed Davis,PF,UTA,25,268,33,0.41200000000000003,0.0,0.455,8,9,10,95,13,4767000.0
Enes Kanter,C,BOS,51,891,416,0.5660000000000001,0.14300000000000002,0.708,49,38,21,394,52,4767000.0
Eric Bledsoe,PG,MIL,56,1524,865,0.48200000000000004,0.348,0.813,302,25,53,259,140,15625000.0
Eric Gordon,SG,HOU,34,972,494,0.37,0.319,0.757,52,12,22,65,36,14057730.0
Ersan Ilyasova,PF,MIL,56,896,382,0.47200000000000003,0.371,0.8270000000000001,47,14,23,276,33,7000000.0
Evan Fournier,SF,ORL,61,1931,1149,0.47,0.406,0.82,193,14,70,157,120,17150000.0
Frank Jackson,PG,NOP,51,656,285,0.385,0.325,0.75,41,4,15,71,43,1618520.0
Frank Kaminsky,PF,PHX,32,718,352,0.455,0.348,0.67,71,10,13,158,33,4767000.0
Furkan Korkmaz,SG,PHI,64,1398,623,0.43200000000000005,0.397,0.736,70,15,36,148,52,1620564.0
Gary Harris,SG,DEN,56,1780,581,0.42,0.33299999999999996,0.815,118,14,76,163,60,17839286.0
George Hill,PG,MIL,52,1103,498,0.53,0.48,0.831,151,4,42,154,49,9133907.0
Giannis Antetokounmpo,PF,MIL,57,1763,1690,0.547,0.306,0.633,329,58,59,783,209,25842697.0
Goga Bitadze,C,IND,49,410,152,0.473,0.16699999999999998,0.727,21,32,6,96,25,2816760.0
Goran Dragic,PG,MIA,54,1531,868,0.43700000000000006,0.377,0.769,273,8,31,166,133,19217900.0
Gordon Hayward,SF,BOS,45,1501,778,0.502,0.392,0.847,185,20,35,294,79,32700690.0
Gorgui Dieng,C,MIN,46,778,341,0.44799999999999995,0.38299999999999995,0.797,58,42,37,256,44,16229213.0
Grayson Allen,SG,MEM,30,498,221,0.449,0.363,0.857,43,1,6,66,23,2429400.0
Hamidou Diallo,SG,OKC,38,699,233,0.452,0.2,0.622,22,8,28,122,37,1416852.0
Harrison Barnes,SF,SAC,64,2231,941,0.45899999999999996,0.38299999999999995,0.8029999999999999,152,10,38,306,80,24147727.0
Harry Giles III,PF,SAC,38,579,265,0.56,0.0,0.767,49,14,21,159,35,2578800.0
Ian Mahinmi,C,WAS,38,808,283,0.495,0.192,0.619,49,44,31,218,45,15450051.0
Ignas Brazdeikis,PF,NYK,9,53,17,0.273,0.111,0.8,4,1,0,5,2,898310.0
Isaac Bonga,PG,WAS,58,1026,266,0.522,0.4,0.813,61,21,37,183,41,1416842.0
Isaiah Hartenstein,PF,HOU,23,266,107,0.657,0.0,0.679,18,12,9,90,16,1416852.0
J.J. Barea,PG,DAL,26,391,194,0.413,0.382,0.9440000000000001,99,2,4,48,35,1620564.0
JaMychal Green,PF,LAC,55,1130,356,0.414,0.363,0.727,43,20,25,348,45,4767000.0
JaVale McGee,C,LAL,61,1023,414,0.64,0.5,0.653,34,92,31,354,47,4000000.0
Jacob Evans,SG,GSW,27,414,128,0.33799999999999997,0.342,0.862,31,12,11,41,25,1925880.0
Jae Crowder,PF,MEM,45,1322,447,0.368,0.293,0.789,125,14,47,277,54,7815533.0
Jake Layman,SF,MIN,23,505,210,0.45299999999999996,0.33299999999999996,0.75,15,10,17,57,24,3581986.0
Jalen Brunson,PG,DAL,57,1022,466,0.466,0.358,0.813,188,4,22,134,66,1416852.0
Jalen Lecque,PG,PHX,4,26,10,0.4,0.0,1.0,2,0,0,0,1,898310.0
Jalen McDaniels,PF,CHA,16,293,89,0.47100000000000003,0.375,0.8240000000000001,13,3,8,65,11,898310.0
James Ennis III,SF,PHI,49,776,285,0.442,0.349,0.787,41,14,23,150,31,1882867.0
James Harden,PG,HOU,61,2241,2096,0.435,0.35200000000000004,0.861,450,53,106,388,273,38199000.0
James Johnson,PF,MIA,18,281,102,0.44799999999999995,0.35600000000000004,0.5710000000000001,21,13,6,52,15,15349400.0
Jared Dudley,SF,LAL,40,311,58,0.4,0.47100000000000003,1.0,19,3,12,43,6,1620564.0
Jaren Jackson Jr.,PF,MEM,54,1512,914,0.46799999999999997,0.397,0.741,76,87,36,254,94,6927480.0
Jarrett Allen,C,BKN,64,1647,681,0.6459999999999999,0.0,0.62,85,85,37,605,72,2376840.0
Jarrett Culver,PG,MIN,63,1506,580,0.40399999999999997,0.299,0.462,110,38,57,212,81,5813640.0
Javonte Green,PF,BOS,44,414,127,0.5,0.261,0.639,23,7,23,80,18,898310.0
Jaxson Hayes,PF,NOP,56,951,420,0.66,0.25,0.63,51,53,23,223,41,4862040.0
Jaylen Brown,SG,BOS,50,1702,1022,0.49,0.381,0.736,109,16,56,318,116,6534829.0
Jeff Green,SF,UTA,30,553,233,0.385,0.327,0.778,20,10,12,81,27,439475.0
Jerami Grant,SF,DEN,64,1676,742,0.47100000000000003,0.4,0.7440000000000001,79,52,44,227,55,9346153.0
Jeremy Lamb,SG,IND,46,1291,577,0.451,0.335,0.836,96,22,55,200,50,10500000.0
Jevon Carter,PG,PHX,50,754,231,0.4,0.39299999999999996,0.84,65,13,38,98,31,1416852.0
Jimmy Butler,SG,MIA,54,1851,1093,0.45399999999999996,0.248,0.833,331,29,92,359,118,32742000.0
Joe Harris,SF,BKN,63,1946,878,0.47100000000000003,0.41200000000000003,0.747,130,16,38,272,93,7666667.0
Joe Ingles,SF,UTA,64,1916,624,0.441,0.397,0.774,331,9,57,256,124,11954546.0
Joel Embiid,C,PHI,44,1329,1031,0.474,0.348,0.8140000000000001,137,58,38,520,135,27504630.0
John Collins,PF,ATL,41,1363,885,0.583,0.401,0.8,60,66,31,416,75,2686560.0
John Henson,PF,CLE,29,412,145,0.508,0.19399999999999998,0.515,43,32,16,114,21,9732396.0
Jonathan Isaac,PF,ORL,32,949,384,0.46299999999999997,0.33,0.767,44,78,50,222,47,5806440.0
Jordan Clarkson,PG,CLE,29,666,423,0.442,0.371,0.884,70,8,17,69,39,13437500.0
Jordan McRae,SG,WAS,29,654,370,0.42,0.377,0.7709999999999999,82,15,19,104,38,1645357.0
Josh Hart,SG,NOP,57,1563,579,0.41600000000000004,0.342,0.747,94,21,59,370,65,1655160.0
Josh Jackson,SF,MEM,18,357,188,0.439,0.319,0.659,31,9,18,58,25,7059480.0
Jrue Holiday,PG,NOP,55,1922,1076,0.452,0.35700000000000004,0.7,378,44,92,268,158,26231111.0
Juancho Hernangomez,PF,DEN,34,422,107,0.345,0.25,0.64,22,5,5,95,18,3321030.0
Justin Holiday,SG,IND,65,1617,548,0.44,0.424,0.78,87,42,75,206,40,4767000.0
Justin Jackson,SF,DAL,58,929,329,0.39899999999999997,0.298,0.818,49,10,12,142,12,3280920.0
Justin James,PG,SAC,34,218,85,0.423,0.34600000000000003,0.47600000000000003,16,9,6,30,8,898310.0
Kawhi Leonard,SF,LAC,51,1643,1370,0.469,0.366,0.889,254,31,92,373,140,32742000.0
Keita Bates-Diop,SF,MIN,37,646,251,0.42200000000000004,0.33,0.708,30,20,17,110,14,1416852.0
Keldon Johnson,PG,SAS,9,92,41,0.516,0.4,0.7,6,1,5,17,3,1950600.0
Kent Bazemore,SG,POR,43,1111,340,0.34700000000000003,0.327,0.8059999999999999,61,31,45,172,60,19269662.0
Kentavious Caldwell-Pope,SG,LAL,63,1604,601,0.47200000000000003,0.39399999999999996,0.779,105,13,53,132,55,8089282.0
Kevin Huerter,SG,ATL,56,1760,684,0.413,0.38,0.828,213,27,51,228,87,2636280.0
Kevin Knox II,SF,NYK,65,1166,419,0.359,0.327,0.653,61,28,23,184,45,4380120.0
Kevin Love,PF,CLE,56,1780,987,0.45,0.374,0.8540000000000001,178,19,33,547,140,28942830.0
Kevon Looney,SF,GSW,20,262,68,0.36700000000000005,0.071,0.75,20,6,12,66,12,4464226.0
Khem Birch,C,ORL,40,778,153,0.48700000000000004,0.0,0.612,35,21,16,180,23,3000000.0
Khris Middleton,SF,MIL,55,1653,1159,0.499,0.418,0.9079999999999999,225,7,51,341,113,30603448.0
Kris Dunn,PG,CHI,51,1269,373,0.444,0.259,0.741,173,17,101,186,68,5348007.0
Ky Bowman,PG,GSW,45,1015,335,0.41700000000000004,0.308,0.8290000000000001,131,10,44,121,70,350189.0
Kyle Anderson,SF,MEM,59,1140,335,0.493,0.258,0.652,132,31,46,257,55,9073050.0
Kyle Korver,SG,MIL,50,833,336,0.429,0.415,0.8240000000000001,61,12,21,104,42,1620564.0
Kyle Kuzma,PF,LAL,54,1327,674,0.43200000000000005,0.297,0.738,69,21,21,242,85,1974600.0
Kyle Lowry,PG,TOR,52,1901,1026,0.41700000000000004,0.354,0.861,399,22,70,251,154,34996296.0
Kyrie Irving,PG,BKN,20,658,548,0.478,0.39399999999999996,0.922,128,10,27,103,52,31742000.0
LaMarcus Aldridge,PF,SAS,53,1754,1001,0.493,0.389,0.8270000000000001,129,87,36,392,74,26000000.0
Langston Galloway,SG,DET,66,1702,677,0.435,0.39899999999999997,0.8590000000000001,101,11,48,149,40,7333333.0
Lauri Markkanen,PF,CHI,50,1492,737,0.425,0.344,0.8240000000000001,74,23,42,313,81,5300400.0
LeBron James,SF,LAL,60,2094,1544,0.498,0.349,0.6970000000000001,636,30,74,473,239,37436858.0
Lonzo Ball,PG,NOP,56,1817,695,0.41200000000000003,0.38299999999999995,0.5670000000000001,392,30,80,348,172,8719320.0
Luka Doncic,PG,DAL,54,1799,1549,0.461,0.318,0.752,470,10,59,502,227,7683360.0
Luke Kennard,SG,DET,28,922,442,0.442,0.39899999999999997,0.893,115,6,12,98,43,3827160.0
Luke Kornet,PF,CHI,36,559,215,0.439,0.287,0.7140000000000001,32,26,11,84,14,2250000.0
Malcolm Brogdon,PG,IND,48,1472,784,0.439,0.313,0.895,343,8,33,226,115,20000000.0
Malcolm Miller,SF,TOR,25,125,23,0.33299999999999996,0.316,0.16699999999999998,8,2,4,14,3,1588231.0
Malik Beasley,SG,DEN,41,746,325,0.389,0.36,0.868,48,6,31,77,36,2731714.0
Marc Gasol,C,TOR,36,990,275,0.419,0.402,0.722,124,33,28,228,43,25595700.0
Marco Belinelli,SG,SAS,52,779,301,0.391,0.368,0.78,64,1,10,90,16,5846154.0
Mario Hezonja,SG,POR,47,767,225,0.429,0.32799999999999996,0.8240000000000001,42,9,28,162,37,1737145.0
Markelle Fultz,PG,ORL,64,1813,772,0.473,0.254,0.723,334,10,83,213,131,9745200.0
Marko Guduric,PG,MEM,42,476,170,0.396,0.309,0.92,45,8,12,71,36,2625000.0
Marquese Chriss,PF,GSW,59,1196,548,0.545,0.205,0.769,114,62,39,365,78,654469.0
Marvin Bagley III,PF,SAC,13,334,185,0.467,0.182,0.8059999999999999,10,12,6,97,18,8556120.0
Matthew Dellavedova,PG,CLE,57,821,177,0.354,0.231,0.865,180,2,20,75,59,9607500.0
Maurice Harkless,SF,LAC,50,1141,275,0.516,0.37,0.5710000000000001,48,30,49,200,46,11011234.0
Maxi Kleber,PF,DAL,66,1695,604,0.45899999999999996,0.374,0.863,77,78,20,355,48,8000000.0
Melvin Frazier Jr.,SF,ORL,15,51,18,0.353,0.5710000000000001,0.5,1,2,4,4,3,1416852.0
Meyers Leonard,C,MIA,49,987,300,0.52,0.429,0.654,53,15,13,248,35,11286516.0
Mfiondu Kabengele,PF,LAC,12,64,42,0.43799999999999994,0.45,1.0,2,2,2,11,2,1977000.0
Michael Carter-Williams,PG,ORL,42,773,302,0.434,0.294,0.828,102,20,45,140,48,1620564.0
Michael Kidd-Gilchrist,SF,CHA,12,160,48,0.34,0.294,0.778,10,3,0,35,7,595122.0
Mikal Bridges,SF,PHX,65,1773,565,0.516,0.35200000000000004,0.848,115,39,93,259,65,4161000.0
Mike Conley,PG,UTA,41,1171,567,0.405,0.376,0.795,178,4,31,133,76,32511624.0
Miles Bridges,SF,CHA,65,1996,843,0.424,0.33,0.809,114,48,40,362,95,3755400.0
Mo Bamba,C,ORL,60,868,332,0.46799999999999997,0.35600000000000004,0.674,42,85,22,299,42,5697600.0
Montrezl Harrell,PF,LAC,63,1749,1173,0.58,0.0,0.6579999999999999,107,72,39,445,108,6000000.0
Nassir Little,PF,POR,48,572,172,0.43,0.237,0.636,22,14,13,108,15,2105520.0
Nemanja Bjelica,PF,SAC,64,1821,759,0.475,0.424,0.8220000000000001,179,33,54,412,92,6825000.0
Nickeil Alexander-Walker,PG,NOP,41,501,211,0.33899999999999997,0.342,0.607,74,7,11,80,40,2964840.0
Nicolas Batum,SG,CHA,22,505,79,0.34600000000000003,0.28600000000000003,0.9,66,8,17,100,22,25565217.0
Nicolas Claxton,PF,BKN,15,187,66,0.563,0.14300000000000002,0.524,16,8,1,44,9,898310.0
Nicolo Melli,PF,NOP,52,889,355,0.442,0.361,0.733,67,19,30,157,42,4102564.0
Nikola Jokic,C,DEN,65,2101,1313,0.528,0.314,0.813,446,43,77,663,202,27504630.0
OG Anunoby,SF,TOR,63,1897,675,0.507,0.381,0.6859999999999999,99,42,88,341,75,2281800.0
Pat Connaughton,SG,MIL,61,1119,309,0.456,0.321,0.75,95,30,20,259,47,1723050.0
Patrick Beverley,PG,LAC,48,1299,380,0.428,0.379,0.659,179,25,53,259,64,12345680.0
Patrick McCaw,SG,TOR,37,908,170,0.414,0.324,0.722,79,4,39,86,29,4000000.0
Patty Mills,PG,SAS,63,1430,735,0.429,0.38,0.861,112,6,52,99,51,12428571.0
Paul George,SF,LAC,42,1222,880,0.43200000000000005,0.39899999999999997,0.882,162,20,56,241,113,30560700.0
Paul Millsap,PF,DEN,44,1075,529,0.486,0.44,0.833,70,28,38,260,61,30350000.0
Quinn Cook,PG,LAL,38,409,183,0.439,0.379,0.667,40,1,11,40,25,3000000.0
RJ Barrett,PF,NYK,56,1704,803,0.402,0.32,0.614,143,17,55,279,124,7839960.0
Reggie Bullock,SF,NYK,29,684,234,0.402,0.33299999999999996,0.81,42,3,25,68,19,4000000.0
Reggie Jackson,PG,DET,14,381,209,0.384,0.37799999999999995,0.7879999999999999,72,1,8,41,23,512721.0
Richaun Holmes,PF,SAC,39,1125,500,0.654,0.0,0.8,39,55,39,325,49,4767000.0
Robert Covington,SF,MIN,48,1411,615,0.435,0.34600000000000003,0.7979999999999999,56,45,80,287,73,11301219.0
Robin Lopez,C,MIL,60,862,330,0.502,0.344,0.535,41,41,10,146,54,4767000.0
Rodions Kurucs,PF,BKN,39,501,162,0.44799999999999995,0.385,0.607,33,3,17,97,35,1699236.0
Rodney Hood,SG,POR,21,619,230,0.506,0.493,0.778,32,4,17,72,19,5718000.0
Rodney McGruder,SG,LAC,50,749,159,0.391,0.278,0.536,30,8,23,128,21,4807693.0
Romeo Langford,PG,BOS,27,298,69,0.375,0.217,0.696,6,6,8,32,9,3458400.0
Rondae Hollis-Jefferson,SF,TOR,52,998,375,0.47100000000000003,0.11800000000000001,0.736,90,22,44,254,49,2500000.0
Rudy Gay,SF,SAS,60,1287,601,0.442,0.314,0.8759999999999999,101,28,26,322,78,14500000.0
Rudy Gobert,C,UTA,62,2142,934,0.698,0.0,0.621,93,124,47,850,120,23241573.0
Rui Hachimura,PF,WAS,41,1217,548,0.478,0.27399999999999997,0.8290000000000001,70,7,34,248,41,4469160.0
Ryan Arcidiacono,PG,CHI,58,930,261,0.409,0.391,0.711,96,3,27,110,37,3000000.0
Sekou Doumbouya,PF,DET,38,754,243,0.39,0.28600000000000003,0.674,19,8,20,118,35,3285120.0
Serge Ibaka,PF,TOR,50,1377,801,0.518,0.39799999999999996,0.748,73,42,24,414,100,23271604.0
Seth Curry,SG,DAL,59,1448,742,0.5,0.45299999999999996,0.841,119,8,36,139,60,7461380.0
Shai Gilgeous-Alexander,SG,OKC,63,2214,1216,0.473,0.35100000000000003,0.8009999999999999,208,45,70,384,117,3952920.0
Shake Milton,SG,PHI,32,611,303,0.498,0.45299999999999996,0.765,71,6,19,68,38,1455697.0
Shaquille Harrison,PG,CHI,43,484,209,0.467,0.381,0.78,49,19,34,86,19,1620564.0
Skal Labissiere,PF,POR,33,567,190,0.551,0.231,0.758,42,31,7,169,30,2338847.0
Solomon Hill,SF,MEM,48,901,274,0.41200000000000003,0.381,0.684,94,7,31,144,40,12758781.0
Spencer Dinwiddie,PG,BKN,64,1994,1318,0.415,0.308,0.778,432,21,40,221,174,10605600.0
Stanley Johnson,SF,TOR,20,96,23,0.258,0.154,0.833,8,2,4,22,8,3623000.0
Stephen Curry,PG,GSW,5,139,104,0.402,0.245,1.0,33,2,5,26,16,40231758.0
Sterling Brown,SG,MIL,45,665,223,0.36700000000000005,0.316,0.7709999999999999,46,7,22,165,36,1618520.0
Steven Adams,C,OKC,58,1564,633,0.591,0.33299999999999996,0.59,141,65,50,543,86,25842697.0
T.J. McConnell,PG,IND,63,1188,409,0.517,0.33299999999999996,0.833,316,11,44,163,86,3500000.0
TJ Leaf,PF,IND,25,193,72,0.435,0.35700000000000004,0.583,6,3,8,64,7,2813280.0
Taj Gibson,PF,NYK,62,1025,379,0.584,0.28600000000000003,0.732,52,30,27,267,47,9000000.0
Talen Horton-Tucker,PG,LAL,2,5,0,0.0,0.0,0.0,2,0,1,0,0,898310.0
Terance Mann,PG,LAC,35,271,56,0.40700000000000003,0.25,0.75,38,5,8,33,14,1000000.0
Terence Davis,PF,TOR,64,1087,495,0.46299999999999997,0.396,0.865,107,12,32,217,65,898310.0
Terrance Ferguson,SG,OKC,50,1170,209,0.37200000000000005,0.297,0.789,45,16,26,73,30,2475840.0
Thanasis Antetokounmpo,SF,MIL,18,93,45,0.528,0.0,0.467,9,2,6,19,11,1445697.0
Thomas Bryant,C,WAS,38,901,460,0.599,0.40700000000000003,0.737,71,33,14,260,48,8000000.0
Thon Maker,C,DET,60,776,281,0.48200000000000004,0.344,0.664,43,39,25,167,45,3569643.0
Tim Hardaway Jr.,SF,DAL,63,1815,998,0.43700000000000006,0.40700000000000003,0.8009999999999999,124,5,39,198,61,20025127.0
Timothe Luwawu-Cabarrot,SG,BKN,39,671,247,0.406,0.358,0.8390000000000001,25,6,15,91,32,654469.0
Tobias Harris,SF,PHI,65,2244,1259,0.47200000000000003,0.36200000000000004,0.8059999999999999,205,35,49,440,97,32742000.0
Tony Bradley,C,UTA,50,535,233,0.665,1.0,0.65,17,25,12,216,23,1962360.0
Torrey Craig,SG,DEN,50,869,248,0.462,0.33,0.645,34,32,18,156,22,2000000.0
Treveon Graham,SF,MIN,33,663,171,0.354,0.24100000000000002,0.73,30,2,17,100,19,1645357.0
Trevor Ariza,SF,SAC,32,791,192,0.38799999999999996,0.35200000000000004,0.778,50,7,35,146,28,12195122.0
Trey Lyles,PF,SAS,63,1271,404,0.446,0.387,0.733,69,28,28,361,39,5500000.0
Troy Brown Jr.,SF,WAS,61,1519,594,0.45299999999999996,0.345,0.754,142,6,76,325,65,3219480.0
Troy Daniels,SG,LAL,41,456,174,0.392,0.35700000000000004,0.625,14,3,8,46,9,384541.0
Ty Jerome,PG,PHX,28,315,98,0.349,0.27699999999999997,0.7859999999999999,43,3,14,41,18,2193480.0
Tyler Herro,PG,MIA,47,1280,605,0.414,0.391,0.835,91,7,30,187,72,3640200.0
Tyson Chandler,C,HOU,26,219,34,0.778,0.0,0.462,6,8,6,66,8,1620564.0
Tyus Jones,PG,MEM,65,1232,484,0.45899999999999996,0.379,0.741,285,6,59,103,55,9258000.0
Udonis Haslem,PF,MIA,3,21,5,0.16699999999999998,0.0,0.75,1,0,0,8,0,1620564.0
Vince Carter,SG,ATL,60,876,298,0.35200000000000004,0.302,0.7929999999999999,48,25,23,124,33,1620564.0
Vlatko Cancar,SF,DEN,14,45,17,0.4,0.16699999999999998,1.0,3,1,1,10,3,898310.0
Wayne Ellington,SG,NYK,36,558,183,0.35100000000000003,0.35,0.846,44,4,13,65,18,8000000.0
Wendell Carter Jr.,PF,CHI,43,1256,484,0.534,0.207,0.737,51,36,33,405,72,5201400.0
Wenyen Gabriel,PF,SAC,11,61,19,0.353,0.125,0.6,3,2,3,10,5,1445697.0
Wes Iwundu,SF,ORL,45,810,237,0.397,0.313,0.816,46,11,25,113,18,1618420.0
Wesley Matthews,SG,MIL,62,1529,467,0.397,0.365,0.762,91,9,37,160,41,2564753.0
Will Barton,SG,DEN,58,1916,874,0.45,0.375,0.767,212,29,61,365,88,12776786.0
Willie Cauley-Stein,C,GSW,41,941,323,0.56,0.0,0.614,60,50,45,255,35,2177483.0
Willy Hernangomez,C,CHA,31,375,190,0.532,0.22699999999999998,0.627,29,7,10,134,30,1676735.0
Wilson Chandler,SF,BKN,35,734,205,0.40399999999999997,0.306,0.87,39,12,16,145,34,1620564.0
Yogi Ferrell,PG,SAC,44,484,185,0.396,0.275,0.865,59,4,14,48,25,3150000.0
Zach Collins,C,POR,3,86,27,0.474,0.429,1.0,6,2,0,12,6,4240200.0
Zach LaVine,PG,CHI,60,2085,1530,0.45,0.38,0.802,254,28,88,289,206,19500000.0
